8, 20000000, 2, 0.07, 0.00, 0.01
8, 20000000, 2, 0.06, 0.01, 0.00
8, 20000000, 2, 0.06, 0.00, 0.00
8, 40000000, 2, 0.06, 0.00, 0.00
8, 40000000, 2, 0.06, 0.00, 0.00
8, 40000000, 2, 0.06, 0.00, 0.00
8, 80000000, 2, 0.05, 0.00, 0.00
8, 80000000, 2, 0.05, 0.00, 0.00
8, 80000000, 2, 0.06, 0.00, 0.00
8, 160000000, 2, 0.06, 0.00, 0.00
8, 160000000, 2, 0.07, 0.00, 0.00
8, 160000000, 2, 0.07, 0.00, 0.00
8, 20000000, 4, 0.06, 0.00, 0.00
8, 20000000, 4, 0.06, 0.00, 0.00
8, 20000000, 4, 0.07, 0.00, 0.00
8, 40000000, 4, 0.07, 0.00, 0.00
8, 40000000, 4, 0.06, 0.00, 0.00
8, 40000000, 4, 0.07, 0.00, 0.00
8, 80000000, 4, 0.07, 0.00, 0.00
8, 80000000, 4, 0.06, 0.00, 0.00
8, 80000000, 4, 0.07, 0.00, 0.00
8, 160000000, 4, 0.07, 0.00, 0.00
8, 160000000, 4, 0.06, 0.00, 0.00
8, 160000000, 4, 0.07, 0.00, 0.00
8, 20000000, 8, 0.07, 0.00, 0.00
8, 20000000, 8, 0.07, 0.00, 0.00
8, 20000000, 8, 0.06, 0.00, 0.00
8, 40000000, 8, 0.07, 0.00, 0.00
8, 40000000, 8, 0.06, 0.00, 0.00
8, 40000000, 8, 0.07, 0.00, 0.00
8, 80000000, 8, 0.07, 0.00, 0.00
8, 80000000, 8, 0.07, 0.00, 0.00
8, 80000000, 8, 0.05, 0.00, 0.00
8, 160000000, 8, 0.07, 0.00, 0.00
8, 160000000, 8, 0.07, 0.00, 0.00
8, 160000000, 8, 0.07, 0.00, 0.00
8, 20000000, 16, 0.06, 0.00, 0.00
8, 20000000, 16, 0.07, 0.00, 0.00
8, 20000000, 16, 0.07, 0.00, 0.00
8, 40000000, 16, 0.07, 0.00, 0.00
8, 40000000, 16, 0.07, 0.00, 0.00
8, 40000000, 16, 0.06, 0.00, 0.00
8, 80000000, 16, 0.07, 0.00, 0.00
8, 80000000, 16, 0.07, 0.00, 0.00
8, 80000000, 16, 0.07, 0.00, 0.00
8, 160000000, 16, 0.07, 0.00, 0.00
8, 160000000, 16, 0.07, 0.00, 0.00
8, 160000000, 16, 0.06, 0.00, 0.00
8, 20000000, 2, 0.10, 0.00, 0.01
8, 20000000, 2, 0.07, 0.00, 0.00
8, 20000000, 2, 0.06, 0.00, 0.00
8, 40000000, 2, 0.06, 0.00, 0.00
8, 40000000, 2, 0.06, 0.00, 0.00
8, 40000000, 2, 0.06, 0.00, 0.00
8, 80000000, 2, 0.07, 0.00, 0.00
8, 80000000, 2, 0.06, 0.00, 0.00
8, 80000000, 2, 0.06, 0.00, 0.00
8, 160000000, 2, 0.07, 0.00, 0.00
8, 160000000, 2, 0.07, 0.00, 0.00
8, 160000000, 2, 0.07, 0.00, 0.00
8, 20000000, 4, 0.10, 0.01, 0.00
8, 20000000, 4, 0.06, 0.00, 0.00
8, 20000000, 4, 0.06, 0.00, 0.00
8, 40000000, 4, 0.07, 0.00, 0.00
8, 40000000, 4, 0.07, 0.00, 0.00
8, 40000000, 4, 0.07, 0.00, 0.00
8, 80000000, 4, 0.07, 0.00, 0.00
8, 80000000, 4, 0.06, 0.00, 0.00
8, 80000000, 4, 0.06, 0.00, 0.00
8, 160000000, 4, 0.07, 0.00, 0.00
8, 160000000, 4, 0.07, 0.00, 0.00
8, 160000000, 4, 0.07, 0.00, 0.00
8, 20000000, 8, 0.07, 0.00, 0.00
8, 20000000, 8, 0.07, 0.00, 0.00
8, 20000000, 8, 0.07, 0.00, 0.00
8, 40000000, 8, 0.06, 0.00, 0.00
8, 40000000, 8, 0.06, 0.00, 0.00
8, 40000000, 8, 0.06, 0.00, 0.00
8, 80000000, 8, 0.06, 0.00, 0.00
8, 80000000, 8, 0.06, 0.00, 0.00
8, 80000000, 8, 0.06, 0.00, 0.00
8, 160000000, 8, 0.06, 0.00, 0.00
8, 160000000, 8, 0.06, 0.00, 0.00
8, 160000000, 8, 0.07, 0.00, 0.00
8, 20000000, 16, 0.06, 0.00, 0.00
8, 20000000, 16, 0.07, 0.00, 0.00
8, 20000000, 16, 0.07, 0.00, 0.00
8, 40000000, 16, 0.07, 0.00, 0.00
8, 40000000, 16, 0.08, 0.00, 0.01
8, 40000000, 16, 0.07, 0.00, 0.00
8, 80000000, 16, 0.07, 0.00, 0.00
8, 80000000, 16, 0.06, 0.00, 0.00
8, 80000000, 16, 0.05, 0.00, 0.00
8, 160000000, 16, 0.06, 0.00, 0.00
8, 160000000, 16, 0.07, 0.00, 0.00
8, 160000000, 16, 0.07, 0.00, 0.00
8, 20000000, 2, 0.08, 0.00, 0.00
8, 20000000, 2, 0.08, 0.00, 0.01
8, 20000000, 2, 0.08, 0.00, 0.01
8, 40000000, 2, 0.07, 0.00, 0.00
8, 40000000, 2, 0.07, 0.00, 0.00
8, 40000000, 2, 0.08, 0.00, 0.00
8, 80000000, 2, 0.08, 0.00, 0.00
8, 80000000, 2, 0.06, 0.00, 0.00
8, 80000000, 2, 0.07, 0.00, 0.00
8, 160000000, 2, 0.07, 0.00, 0.00
8, 160000000, 2, 0.07, 0.00, 0.00
8, 160000000, 2, 0.07, 0.00, 0.00
8, 20000000, 4, 0.07, 0.00, 0.00
8, 20000000, 4, 0.07, 0.00, 0.00
8, 20000000, 4, 0.07, 0.00, 0.00
8, 40000000, 4, 0.07, 0.00, 0.00
8, 40000000, 4, 0.07, 0.00, 0.00
8, 40000000, 4, 0.07, 0.00, 0.00
8, 80000000, 4, 0.07, 0.00, 0.00
8, 80000000, 4, 0.07, 0.00, 0.00
8, 80000000, 4, 0.07, 0.00, 0.00
8, 160000000, 4, 0.07, 0.00, 0.00
8, 160000000, 4, 0.07, 0.00, 0.00
8, 160000000, 4, 0.07, 0.00, 0.00
8, 20000000, 8, 0.07, 0.00, 0.00
8, 20000000, 8, 0.07, 0.00, 0.00
8, 20000000, 8, 0.07, 0.00, 0.00
8, 40000000, 8, 0.06, 0.00, 0.00
8, 40000000, 8, 0.07, 0.00, 0.00
8, 40000000, 8, 0.07, 0.00, 0.00
8, 80000000, 8, 0.07, 0.00, 0.00
8, 80000000, 8, 0.07, 0.00, 0.00
8, 80000000, 8, 0.07, 0.00, 0.00
8, 160000000, 8, 0.07, 0.00, 0.00
8, 160000000, 8, 0.07, 0.00, 0.00
8, 160000000, 8, 0.06, 0.00, 0.00
8, 20000000, 16, 0.07, 0.00, 0.00
8, 20000000, 16, 0.06, 0.00, 0.00
8, 20000000, 16, 0.11, 0.01, 0.00
8, 40000000, 16, 0.06, 0.00, 0.00
8, 40000000, 16, 0.07, 0.00, 0.00
8, 40000000, 16, 0.07, 0.00, 0.00
8, 80000000, 16, 0.07, 0.00, 0.00
8, 80000000, 16, 0.07, 0.00, 0.00
8, 80000000, 16, 0.07, 0.00, 0.00
8, 160000000, 16, 0.07, 0.00, 0.00
8, 160000000, 16, 0.07, 0.00, 0.00
8, 160000000, 16, 0.07, 0.00, 0.01
8, 20000000, 2, 0.07, 0.00, 0.00
8, 20000000, 2, 0.07, 0.00, 0.00
8, 20000000, 2, 0.07, 0.00, 0.00
8, 40000000, 2, 0.08, 0.00, 0.00
8, 40000000, 2, 0.07, 0.00, 0.00
8, 40000000, 2, 0.07, 0.00, 0.00
8, 80000000, 2, 0.07, 0.00, 0.00
8, 80000000, 2, 0.06, 0.00, 0.00
8, 80000000, 2, 0.07, 0.00, 0.00
8, 160000000, 2, 0.07, 0.00, 0.00
8, 160000000, 2, 0.07, 0.00, 0.00
8, 160000000, 2, 0.07, 0.00, 0.00
8, 20000000, 4, 0.07, 0.00, 0.01
8, 20000000, 4, 0.07, 0.00, 0.00
8, 20000000, 4, 0.07, 0.00, 0.00
8, 40000000, 4, 0.07, 0.00, 0.00
Command terminated by signal 2
8, 40000000, 4, 0.06, 0.00, 0.00
8, 40000000, 4, 0.07, 0.00, 0.00
8, 80000000, 4, 0.07, 0.00, 0.00
8, 80000000, 4, 0.08, 0.00, 0.00
8, 80000000, 4, 0.07, 0.00, 0.00
8, 160000000, 4, 0.07, 0.00, 0.00
8, 160000000, 4, 0.07, 0.00, 0.00
8, 160000000, 4, 0.07, 0.00, 0.00
8, 20000000, 8, 0.07, 0.00, 0.00
8, 20000000, 8, 0.08, 0.00, 0.00
8, 20000000, 8, 0.07, 0.00, 0.00
8, 40000000, 8, 0.07, 0.00, 0.00
8, 40000000, 8, 0.06, 0.00, 0.00
8, 40000000, 8, 0.07, 0.00, 0.00
8, 80000000, 8, 0.07, 0.00, 0.00
8, 80000000, 8, 0.07, 0.00, 0.00
Command terminated by signal 2
8, 80000000, 8, 0.07, 0.00, 0.00
8, 160000000, 8, 0.07, 0.00, 0.00
8, 160000000, 8, 0.07, 0.00, 0.00
8, 160000000, 8, 0.08, 0.00, 0.01
8, 20000000, 16, 0.07, 0.00, 0.01
8, 20000000, 16, 0.06, 0.00, 0.00
8, 20000000, 16, 0.07, 0.00, 0.01
8, 40000000, 16, 0.12, 0.00, 0.01
8, 40000000, 16, 0.07, 0.00, 0.01
8, 40000000, 16, 0.07, 0.00, 0.01
8, 80000000, 16, 0.07, 0.00, 0.01
8, 80000000, 16, 0.07, 0.00, 0.01
8, 80000000, 16, 0.07, 0.00, 0.00
8, 160000000, 16, 0.08, 0.00, 0.01
8, 160000000, 16, 0.06, 0.00, 0.00
8, 160000000, 16, 0.06, 0.00, 0.00
8, 20000000, 2, 0.10, 0.00, 0.01
8, 20000000, 2, 0.09, 0.00, 0.01
8, 20000000, 2, 0.09, 0.00, 0.01
8, 40000000, 2, 0.09, 0.00, 0.02
8, 40000000, 2, 0.09, 0.01, 0.00
8, 40000000, 2, 0.09, 0.00, 0.01
8, 80000000, 2, 0.09, 0.00, 0.02
8, 80000000, 2, 0.09, 0.00, 0.01
8, 80000000, 2, 0.09, 0.00, 0.02
8, 160000000, 2, 0.08, 0.00, 0.01
8, 160000000, 2, 0.10, 0.00, 0.02
8, 160000000, 2, 0.09, 0.00, 0.01
8, 20000000, 4, 0.09, 0.00, 0.02
8, 20000000, 4, 0.09, 0.00, 0.01
8, 20000000, 4, 0.09, 0.00, 0.01
8, 40000000, 4, 0.09, 0.01, 0.00
8, 40000000, 4, 0.08, 0.00, 0.01
8, 40000000, 4, 0.09, 0.00, 0.01
8, 80000000, 4, 0.09, 0.00, 0.01
8, 80000000, 4, 0.08, 0.00, 0.01
8, 80000000, 4, 0.09, 0.00, 0.01
8, 160000000, 4, 0.09, 0.00, 0.01
8, 160000000, 4, 0.09, 0.01, 0.00
8, 160000000, 4, 0.09, 0.00, 0.01
8, 20000000, 8, 0.08, 0.00, 0.01
8, 20000000, 8, 0.09, 0.00, 0.01
8, 20000000, 8, 0.09, 0.00, 0.01
8, 40000000, 8, 0.10, 0.00, 0.01
8, 40000000, 8, 0.10, 0.00, 0.01
8, 40000000, 8, 0.09, 0.00, 0.01
8, 80000000, 8, 0.09, 0.00, 0.01
8, 80000000, 8, 0.09, 0.00, 0.01
8, 80000000, 8, 0.09, 0.00, 0.01
8, 160000000, 8, 0.09, 0.01, 0.00
8, 160000000, 8, 0.10, 0.01, 0.00
8, 160000000, 8, 0.08, 0.00, 0.01
8, 20000000, 16, 0.10, 0.00, 0.01
8, 20000000, 16, 0.09, 0.01, 0.00
8, 20000000, 16, 0.10, 0.00, 0.01
8, 40000000, 16, 0.13, 0.00, 0.02
8, 40000000, 16, 0.08, 0.00, 0.01
8, 40000000, 16, 0.09, 0.00, 0.01
8, 80000000, 16, 0.09, 0.01, 0.00
8, 80000000, 16, 0.09, 0.00, 0.01
8, 80000000, 16, 0.08, 0.00, 0.01
8, 160000000, 16, 0.08, 0.00, 0.01
8, 160000000, 16, 0.10, 0.00, 0.01
8, 160000000, 16, 0.10, 0.01, 0.00
